$ANSIBLE_VAULT;1.1;AES256
61343830396134303437346364323330336363393162353034616433646136393736393262303564
6363356331363139393730366336313266343337393361640a346237363162306162313265303033
33363438656563393635323435356239633865656164376530623130343137313961336534393462
3639653739646435370a303163393165396234386463316433326630393261656261333030316430
61396638643465323030333930626362323939636334303962346566373830316565323035343930
37303364356361386234313363643437363434623530613237363064383431626630303864326138
61643463613164656264646564633930646461653339616234616537666565353336306530393037
65316365653966323966346236626130346431366237316662373939333337383965326430303231
62386637353635653037616332616230656239326439386364616634613938653734633938333435
66316462323036383730356238373230663165386538306535313537353765666161366564376631
39333065313738663934656636383865346133306262663338326461653038653164303834366163
33373261626639633532663735623835376266656562303561623161666132383462666163376637
38303430653136333865346461656430373736666538636637613662653539623936376263653964
37353533353334663830353664623538623438313964396165306234646631666239373132396331
38643666333330636435316337343336316137383539356633366666393732346133313733306234
30663565613966396362
