$ANSIBLE_VAULT;1.1;AES256
39323064316566616566313537383235653764626437303830303333616366666261323432396430
3635613064656539383738333565353334343834306535390a373132363738386263353962393131
37336664326366353731353066633338386633636130643962613136323866303064323962656630
3531336562626131330a396237303639636432343363633063626337303533643530346335613133
38633036323965646262343962363936616236653531653834363461373863623766363161653932
61323564616531383236343637643461303362663966303239623632653961666662656334363639
32626131303033333965643363366438626234303835303532366566653263386238613661303566
63613538363365383066363266666638306266343739623164613835343131663738616634353130
37633166316531353739313239646135656535396533653136303237393631326239306639376266
35376563623733323937356665643738353637636234306562326464646332386338613134663263
61623962316632613164373363333431613130303230643230613466386463393131336138663931
36653431643431323035656435653432623333363266363433636266393864653534623637643330
66313431386537313765343030303762656234376531656330613233333838343166376430613864
65363131623334636564336565356263353636383131646364383066386261356565626433323166
36623735643861623363343039616137326430666665396538336138633739326436353839336231
34396563336130623066333565633434363961313034336639303763636136373961366235336639
66613235623036663866653331643537353966666331356532633930656466353538343534636161
34626137356666373730326433323131636263303563306161353133353738613933333663393466
36613638373438626334643237353763306132626636353765623464663633663739333732353837
62326637343031363631346263343337623130333634666239353132323434343338663962633466
35356462626137343832373638336265313061353364386431653866346232616238376361626636
31353832353139373861383736313034353165333439613434316363663763356236393264383939
62663839623362316164363065613833373834653739326461653338343964656139636565316439
66653634356362663137313135386533633562646661633366356436376564643866366466626430
39316531313063336464663966653762663536336435333735353964613761373535323739613432
65656463393966623539623437393333396337363238303930666164633735626266626334303631
39306237306136643636383039323434346264306238643735363031383464626563663561373137
34363335646265643761626532333836376135343361353933353465666637396239306337633537
38353037633961323733633732303431303535313439303163663736643364303131383339343263
61336238376439373166373362633133663039343565336636376231613430326362656561393530
61386263346432373762613462396530363638323066633136396366353639316330323531633735
38386562316436346632643233633837346132613636666338363161653233656432623838396334
36626363646135346532376432646162613966303632396464333334333031373862613164393262
33386332313830653739623839663161643630343432626665633130326164393638623930626664
32376132646666376665343538346435303563313161633563313130306362646132313862316361
38313331333236396237663134336665383466386633356564323662323765343366643738353963
30633064323263306665626461623461653932363336376433626565303761346531633965316265
36663932323235383232646564366536383431613561616462613032333965333438346632633331
35323763663835303436353439616566646133393033626165313130623234333038396637633165
37343437376332313033636537636634656431326431613766366436386461653061353434393161
39643330663730376364616632643031373131393433313662613930626531633463313464383862
65613963646232636561336239343835666438613663323333383737346436353631376530373961
32633939633565333866373632613434626138343838393761653532356435623038363638376561
36656437633938666265363734363537633163336566646332366333626662306632386439646166
33343561306430643934623932356538623962643863373738343436356166316165366532393436
61616439306636646131656365303662663964663832343634623435383561343535623332356235
34356564383331303662656438313537303833376431653035306437323239313633626464366131
37643336373264636431363039653266646437666538356136613538396363386537616234323563
31393935386333336464663338643432366664623962633730343432653762376234366466346338
38313933623435346365643562326137643061626138643133333936616238383539663436353035
36333263386466313231616661313232623464613432303563336437353036323632633032346631
61333166336236613830663965633066303038626566356366623262663764363064376561386164
65383935366236343864383538383131643735313133343730646632303730386131653435623136
30333033646564646666643262306463363762376337376231633832336532353236333963373835
63336365336662663764333830383930633239323833353337643461393964353033646162373534
39656435323033613363633333333833306461333039633662656662346430393838653565393138
32373262326232316564383932636232646165303638353931303133323965396465343735666335
64626261303736316530393762343739616133313230323235336237666232336536353035346538
64316237323764633732373236336161343831323036636434373438633037363833616538343839
32383438636237663138303533616138393361663032326462626534333436353961636563393965
63343166653730313735613865346631373431306662353162316139663836346666336535653738
37333835633935353661323839333237336464306264663366313834333036633939306164363438
63393336393564316361303661336430336662323564316234373539643534326463653637653630
30393563656334636238306365663237633365393033326264353832373266643366393563323832
63646332653237336231626134343665633463643635616263636266363261653139306238633861
62396563383337646631623261363438396437613637643966356631353632663635353561306266
34623836333933346530616530633432316664303930313861666363643836316161333635323332
39333130646536353861656363323865373836633864353865396461663031303634316565383439
62366363613032313035656163303434643064326532616231613236613630363536323063626136
61626166366163653539303061386434376461366432333533373530366238353764383633663663
62333930323464303564373366393933343261376438653432333639396562346531636361616631
64393430323266666337363166643134376533633634316432306630323337313462663261366635
65653538613564343965326264383530303666313361636136633633626462633839363834383461
36653239383038373535646539386632393133336230363661636439343837383466333166623430
64376662616462363338306134396131353865376464323130356362363465303237383437386564
61383637666430393765336262393866313630646665613131343963396337346263363039663635
39643032316234613066303733396239396662616132616366643365643365643461386631323966
66373239343634396366396234623037393438326237633461656335373966316466623835393065
62363330663562303262653636373638303538313037313763353733333736666363666439633365
34313530393938646337373262386535333233643630353461343863353564363832383638643234
64323162623031393862613334616333343662333964633062613638383131313265396265623664
30323532613963626433626230336135623930646633646566633261646230316436653661346265
37636433376632343531363435343463613263626661386134376263303131623465323733363131
63396338376138383933333762626338366339326634353266343533643733326538643337383965
63656365663231373961646635663464306639346438393736393933363361643262656661383265
37343964623938313135343135633363616534343163343164623966626432326364626464613735
61383136653261623238393864363863633632333437383837336233616235653464343336373730
31363030666131666364
