$ANSIBLE_VAULT;1.1;AES256
61366437323564303061323632343634643139303762356162663561656133646566323533313866
6530313333396236643963343361383738363461316633320a616533386561353366373933633738
63383539353532353230663732363835646333386437323932316539616636306531303139363066
3039363135653462640a636136396433386231393264636531356231633338663037373338313138
35313235646237313238323635373930626234383364656231373637393033323163353266383234
34393662353965316366626234363734393630306437383665346265343236336432303266623439
31346461636266613966653066393336373835616236383661363862393238373937343934626465
61393266313962623334616166646665663465353766626435616531633065643066643534326463
61343739356563376136646262643163623334346538333036613834326338343861323265663635
66616434623835643562333534373966623365353663396136663263373335386630383066393861
35666662376433333234336536373566616663646465333138306535326265663366613432666437
39373731396266306366653039343063326161643430373464393161336139343262616163363762
62303164346539663332393762393132386535303961666538336537303766396365363331386536
63336137333166383462653265356439336130626539376631616339356230323362333735383933
61343835343638613233646435306131396163643262353536646437346161383362383164373563
37313266343032373766663166653064646232613137393463326633663334396632373033366261
34386561663930303232386231663162343961663432383837306238623864616431323730316166
62303930336432393030306636373633316463323363316464363630336362663630396165636331
39376635386236636338316237636661393536626234376234636133353539623063303061616331
30396138633337613664323639356330383433646338303131333133636236646534393631386136
65323437613263383837306664353261313464663965336365383033663333396266333431613236
33316663653064393164343165313730646334646235396139393262633565306438333733656131
30356465623262396664616130633362363935323163393631333636656637633066393866626434
33623865356339653566
